[38654.371078] [Project1] 6230 1588040966.406266714 1588040967.250850280
[38655.956338] [Project1] 6231 1588040967.996022284 1588040968.836127566
[38657.534871] [Project1] 6232 1588040969.580647437 1588040970.414683481
[38659.120855] [Project1] 6233 1588040971.162508328 1588040972.000705077
[38660.701500] [Project1] 6234 1588040972.737180519 1588040973.581398493
[38662.280699] [Project1] 6235 1588040974.317350737 1588040975.160622887
[38663.827849] [Project1] 6236 1588040975.903255319 1588040976.707810370
[38665.413142] [Project1] 6237 1588040977.458825019 1588040978.293149577
[38666.996158] [Project1] 6238 1588040979.038103108 1588040979.876198141
[38668.580364] [Project1] 6239 1588040980.614462408 1588040981.460438063
